0 0.66484375 0.8125 0.3234375 0.25234375
0 0.6390625 0.49765625 0.25390625 0.15
0 0.76796875 0.403125 0.1859375 0.0796875
0 0.6390625 0.34453125 0.18359375 0.1109375
0 0.43046875 0.41015625 0.15859375 0.0765625
0 0.1 0.7515625 0.14921875 0.21015625
0 0.3984375 0.325 0.10234375 0.059375
0 0.53671875 0.31953125 0.0953125 0.065625
0 0.4515625 0.36484375 0.09296875 0.065625
0 0.78359375 0.31484375 0.15625 0.10234375
0 0.68828125 0.28515625 0.109375 0.065625
0 0.6453125 0.25078125 0.11640625 0.065625
0 0.54375 0.2453125 0.0953125 0.09375