0 0.628125 0.8859375 0.134375 0.09375
0 0.47578125 0.7859375 0.103125 0.15859375
0 0.625 0.65234375 0.1015625 0.07890625
0 0.359375 0.96328125 0.0859375 0.05
0 0.4375 0.9 0.09765625 0.05859375
0 0.0984375 0.925 0.1703125 0.1203125
0 0.3171875 0.70078125 0.0609375 0.03515625
0 0.38359375 0.69765625 0.0328125 0.04140625
0 0.40546875 0.65078125 0.05625 0.053125
0 0.28125 0.56015625 0.046875 0.03515625
0 0.3765625 0.53046875 0.0625 0.03515625
0 0.5171875 0.55 0.07421875 0.04375
0 0.58203125 0.60546875 0.12890625 0.03203125