0 0.5703125 0.82109375 0.265625 0.23046875
0 0.5359375 0.4984375 0.2171875 0.13828125
0 0.65 0.40625 0.16015625 0.08671875
0 0.6625 0.33515625 0.1328125 0.06015625
0 0.5578125 0.37421875 0.146875 0.0515625
0 0.39921875 0.4234375 0.11875 0.06328125
0 0.39921875 0.371875 0.06875 0.04609375
0 0.3640625 0.34140625 0.05625 0.0546875
0 0.471875 0.3265625 0.0921875 0.06015625
0 0.11875 0.76328125 0.12890625 0.13828125
0 0.55390625 0.28046875 0.084375 0.04921875
0 0.60546875 0.24921875 0.0859375 0.0546875